220
2.0720815881813588e-05
2.2702747523098363e-05
2.4874249548731437e-05
2.7253454234253186e-05
2.9860228194760253e-05
3.2716338273279e-05
3.584563329624662e-05
3.927424321377773e-05
4.3030797287559066e-05
4.7146663148264734e-05
5.165620871864708e-05
5.659708918938925e-05
6.201056144399863e-05
6.794182855822277e-05
7.444041725059531e-05
8.156059143586407e-05
8.93618053345173e-05
9.790919992192138e-05
0.00010727414686247345
0.00011741790215195942
0.0001274216947630467
0.00013827779238701122
0.00015005880986736447
0.0001628435487007745
0.00017671752412871014
0.00019177353713633932
0.00020721670019094508
0.00022238724288678701
0.00023866843624676125
0.00025614159212123907
0.0002748939752828063
0.00029302430515186685
0.0003123359075508071
0.00033292023026904456
0.0003541390124696478
0.000376262435096051
0.0003997679303308721
0.0004249576342348692
0.00045177527773487537
0.0004806437833332751
0.0005117760750053968
0.0005448750105043664
0.0005800362504493823
0.0006167434710574322
0.000655193696925767
0.0006935550995363951
0.0007321401712237733
0.0007701061710052212
0.0008040750878656022
0.0008340716684176368
0.0008606498360548492
0.0008843661424359098
0.0009058165335858275
0.0009257247337700979
0.0009450379618860466
0.0009649946508354177
0.000986957340330004
0.0010124023423952473
0.0010429010463600102
0.001077349814558265
0.0011150911529251757
0.001156447057355088
0.00120166763420522
0.0012511246557442687
0.0013052314640501514
0.0013645377370206091
0.0014300107326762012
0.0015018135443073655
0.0015811897633842041
0.0016687097094456847
0.0017659555017084934
0.001873805374374587
0.001993897082398007
0.002130129182751856
0.0022996512686720293
0.002512572010528828
0.002777660622923332
0.003106671170536716
0.003513794335341423
0.004016550165764804
0.00463375639731275
0.0053853029722084386
0.006285076134541628
0.007328178403268588
0.008467192984333344
0.00957419032899357
0.010402379529707042
0.011028917154685965
0.011673588480994332
0.01233344535472531
0.013004846807602471
0.013683437119395271
0.01436406557519977
0.01504075038087323
0.015706723457230544
0.016354399426084385
0.016975452631204015
0.017560927162464355
0.01810138456803762
0.018587048869764776
0.01900815607777402
0.019355159231487347
0.0196191245539948
0.019792039823752963
0.01986726706329385
0.019881627498194502
0.019894278029910086
0.019905699590512378
0.019915830165735764
0.019924607752325338
0.019931970957541643
0.019937858321908464
0.019942208663856147
0.01994496114734976
0.019946055352140727
0.019907614369213004
0.019768371309744907
0.019533116711922448
0.019209359639098224
0.018806072153370827
0.018332995035594955
0.017800428851736497
0.017218729266772634
0.016598119276550128
0.015948284256854933
0.015278299084811821
0.01459639482149904
0.013909941334578225
0.013225357116950638
0.012548140663964537
0.011882947569333334
0.011233550390141778
0.01060299970701832
0.00990109650128605
0.008870398339298795
0.007716958423873531
0.006615081765835649
0.005648532008410072
0.0048391731000931625
0.004177468904009006
0.003642858809370863
0.003212338231456532
0.0028659896140059474
0.0025873674281225627
0.002363584371938476
0.002183318695268862
0.002039045671239579
0.0019145666307579421
0.0018026914202380069
0.0017021146325940182
0.001611310595370804
0.0015290090384415676
0.0014546141036229287
0.0013868726693960533
0.0013254907464862326
0.001269396003703117
0.001218243684871088
0.001171721742181313
0.0011291471229602982
0.0010901870942187522
0.0010545408767888458
0.0010225816766397035
0.0009955162424185966
0.0009724630340933471
0.000951832605709305
0.0009322530653944855
0.0009125549486836936
0.0008917503586985822
0.0008690354302056916
0.0008437835534404551
0.0008154248943028521
0.0007825293636739379
0.0007456914291127469
0.0007074580968827269
0.000668926228622358
0.0006303589198354985
0.0005928334846413679
0.0005570894107506425
0.0005230254522042833
0.0004911343851944574
0.0004614324855341415
0.00043367767008336194
0.0004082121918559173
0.0003842420421318395
0.0003614385610128784
0.00033993505543224975
0.00031966748078500934
0.0002994330726657993
0.0002804794681833325
0.0002627255946446718
0.00024492023463455726
0.0002277507105447395
0.00021178481325166378
0.00019693816549139852
0.00018260827461927048
0.0001680060176568534
0.00015457142907550486
0.00014221113636086712
0.00013083923352464306
0.00012037668404446746
0.0001107507715475298
0.00010140736435831731
9.24950701661585e-05
8.436604243862152e-05
7.695144296847501e-05
7.01884834676062e-05
6.401989386346496e-05
5.839343732480459e-05
5.326146790993671e-05
4.85805270914509e-05
4.431097574092662e-05
4.041665845693143e-05
3.68645973939906e-05
3.3624712999694965e-05
3.066956929513057e-05
2.7974141541590423e-05
2.5515604326186816e-05
2.327313827172955e-05
2.1227753734176156e-05
1.936212999457382e-05
